                  Temp     Hi    Low   Out         Wind        Wind    Hi    Hi   Wind   Heat          THSW                Rain  Solar   Solar Hi Solar         UV    Hi     Heat    Cool    In     In    In     In           Wind  Wind    ISS   Arc.
  Date    Time     Out   Temp   Temp   Hum    Dew Speed   Dir   Run Speed   Dir  Chill  Index    THW  Index   Bar    Rain  Rate   Rad.  Energy    Rad.    UV   Dose   UV     D-D     D-D    Temp   Hum    Dew   Heat     ET   Samp   Tx   Recept  Int.
--------------------------------------------------------------------------------------------------------------------------------------------------------------------------------------------------------------------------------------------------------
10/02/21   0:10    2.3    2.5    2.3    96    1.7  14.5    SW  2.41  25.7    SW   -1.5    2.3   -1.5   -3.8  1003.4  0.60   4.0     0     0.00      0     0.0  0.00   0.0   0.111   0.000    9.6    64    3.1    9.3    0.00   232    1    100.0   10 
10/02/21   0:20    2.0    2.3    1.9    97    1.6  14.5    SW  2.41  22.5    SW   -1.8    2.0   -1.8   -4.1  1003.5  0.40   5.2     0     0.00      0     0.0  0.00   0.0   0.113   0.000    9.6    64    3.1    9.3    0.00   233    1    100.0   10 
10/02/21   0:30    2.0    2.1    1.9    97    1.6   8.0    SW  1.34  16.1    SW   -0.4    2.0   -0.4   -2.9  1003.7  0.60   3.8     0     0.00      0     0.0  0.00   0.0   0.113   0.000    9.6    64    3.1    9.3    0.00   233    1    100.0   10 
10/02/21   0:40    1.9    2.0    1.9    97    1.5   3.2   WSW  0.54  11.3     W    1.5    1.9    1.5   -1.0  1003.6  0.40   3.8     0     0.00      0     0.0  0.00   0.0   0.114   0.000    9.6    64    3.1    9.3    0.00   233    1    100.0   10 
10/02/21   0:50    1.9    1.9    1.9    98    1.7   0.0   ---  0.00   0.0   ---    1.9    2.0    2.0   -0.5  1003.6  0.20   2.4     0     0.00      0     0.0  0.00   0.0   0.114   0.000    9.6    64    3.1    9.3    0.00   232    1    100.0   10 
10/02/21   1:00    2.2    2.2    1.9    97    1.8   0.0   ---  0.00   0.0   ---    2.2    2.2    2.2   -0.3  1003.8  0.20   1.8     0     0.00      0     0.0  0.00   0.0   0.112   0.000    9.6    64    3.1    9.3    0.00   232    1    100.0   10 
10/02/21   1:10    2.4    2.5    2.2    97    2.0   0.0   ---  0.00   0.0   ---    2.4    2.4    2.4   -0.1  1003.6  0.20   1.4     0     0.00      0     0.0  0.00   0.0   0.110   0.000    9.6    64    3.1    9.3    0.00   234    1    100.0   10 
10/02/21   1:20    2.7    2.7    2.4    97    2.3   1.6   WSW  0.27  16.1   WSW    2.7    2.7    2.7    0.2  1003.5  0.00   0.0     0     0.00      0     0.0  0.00   0.0   0.108   0.000    9.6    64    3.1    9.3    0.00   234    1    100.0   10 
10/02/21   1:30    3.0    3.0    2.7    97    2.6   8.0   WSW  1.34  22.5    SW    0.8    3.0    0.8   -1.7  1003.3  0.20   0.0     0     0.00      0     0.0  0.00   0.0   0.106   0.000    9.6    64    3.1    9.3    0.00   234    1    100.0   10 
10/02/21   1:40    3.3    3.3    3.0    96    2.7   6.4     W  1.07  19.3    SW    1.6    3.3    1.6   -0.9  1003.2  0.00   0.0     0     0.00      0     0.0  0.00   0.0   0.105   0.000    9.6    64    3.1    9.2    0.00   232    1    100.0   10 
10/02/21   1:50    3.3    3.3    3.2    96    2.7   3.2     W  0.54  19.3   WSW    3.1    3.3    3.1    0.6  1003.0  0.00   0.0     0     0.00      0     0.0  0.00   0.0   0.105   0.000    9.6    64    3.1    9.2    0.00   234    1    100.0   10 
10/02/21   2:00    3.5    3.5    3.3    96    2.9   4.8     W  0.80  20.9     W    2.4    3.5    2.4    0.0  1003.0  0.00   0.0     0     0.00      0     0.0  0.00   0.0   0.103   0.000    9.6    64    3.1    9.2    0.00   234    1    100.0   10 
10/02/21   2:10    3.4    3.5    3.4    97    3.0   9.7   WSW  1.61  22.5   WSW    0.9    3.4    0.9   -1.6  1002.9  0.00   0.0     0     0.00      0     0.0  0.00   0.0   0.103   0.000    9.6    64    3.1    9.2    0.00   232    1    100.0   10 
10/02/21   2:20    3.4    3.5    3.4    97    3.0  16.1   WSW  2.68  25.7   WSW   -0.3    3.4   -0.3   -2.5  1002.6  0.20   0.0     0     0.00      0     0.0  0.00   0.0   0.103   0.000    9.6    64    3.1    9.2    0.00   235    1    100.0   10 
10/02/21   2:30    3.3    3.4    3.3    97    2.9  16.1   WSW  2.68  30.6   WSW   -0.4    3.3   -0.4   -2.6  1002.8  0.00   0.0     0     0.00      0     0.0  0.00   0.0   0.104   0.000    9.6    64    3.1    9.2    0.00   234    1    100.0   10 
10/02/21   2:40    3.3    3.4    3.3    97    2.9  16.1   WSW  2.68  27.4     W   -0.4    3.3   -0.4   -2.6  1002.6  0.20   0.8     0     0.00      0     0.0  0.00   0.0   0.104   0.000    9.6    64    3.1    9.2    0.00   234    1    100.0   10 
10/02/21   2:50    3.3    3.4    3.3    96    2.8  12.9   WSW  2.15  25.7   WSW    0.1    3.3    0.1   -2.3  1002.5  0.20   1.4     0     0.00      0     0.0  0.00   0.0   0.104   0.000    9.6    64    3.1    9.2    0.00   233    1    100.0   10 
10/02/21   3:00    3.3    3.4    3.3    96    2.7  16.1   WSW  2.68  29.0    SW   -0.6    3.3   -0.6   -2.8  1002.4  0.20   1.4     0     0.00      0     0.0  0.00   0.0   0.105   0.000    9.6    64    3.1    9.2    0.00   234    1    100.0   10 
10/02/21   3:10    3.3    3.3    3.2    96    2.7  11.3    SW  1.88  19.3    SW    0.3    3.3    0.3   -2.1  1002.2  0.20   1.0     0     0.00      0     0.0  0.00   0.0   0.105   0.000    9.6    64    3.1    9.2    0.00   232    1    100.0   10 
10/02/21   3:20    3.2    3.3    3.2    96    2.6  12.9    SW  2.15  20.9    SW   -0.1    3.2   -0.1   -2.5  1002.2  0.00   0.8     0     0.00      0     0.0  0.00   0.0   0.105   0.000    9.6    64    3.1    9.2    0.00   234    1    100.0   10 
10/02/21   3:30    3.1    3.2    3.1    96    2.5  11.3    SW  1.88  19.3    SW    0.1    3.1    0.1   -2.4  1001.8  0.20   1.0     0     0.00      0     0.0  0.00   0.0   0.106   0.000    9.6    64    3.1    9.2    0.00   235    1    100.0   10 
10/02/21   3:40    3.0    3.1    3.0    97    2.6  12.9    SW  2.15  20.9    SW   -0.3    3.0   -0.3   -2.7  1002.0  0.20   1.2     0     0.00      0     0.0  0.00   0.0   0.106   0.000    9.6    64    3.1    9.2    0.00   233    1    100.0   10 
10/02/21   3:50    2.8    3.1    2.8    96    2.3  11.3    SW  1.88  24.1   WSW   -0.2    2.8   -0.2   -2.7  1002.1  0.40   2.4     0     0.00      0     0.0  0.00   0.0   0.108   0.000    9.6    64    3.1    9.2    0.00   234    1    100.0   10 
10/02/21   4:00    2.3    2.8    2.3    96    1.7  16.1   WSW  2.68  29.0   WSW   -1.8    2.3   -1.8   -4.0  1002.3  0.80   4.4     0     0.00      0     0.0  0.00   0.0   0.111   0.000    9.6    64    3.1    9.2    0.00   234    1    100.0   10 
10/02/21   4:10    2.0    2.3    2.0    97    1.6  12.9    SW  2.15  19.3   WSW   -1.6    2.0   -1.6   -3.9  1002.2  0.20   3.8     0     0.00      0     0.0  0.00   0.0   0.113   0.000    9.6    64    3.1    9.2    0.00   234    1    100.0   10 
10/02/21   4:20    2.1    2.1    1.9    97    1.7  14.5    SW  2.41  30.6    SW   -1.7    2.1   -1.7   -4.0  1002.0  0.20   1.6     0     0.00      0     0.0  0.00   0.0   0.113   0.000    9.6    64    3.1    9.2    0.00   233    1    100.0   10 
10/02/21   4:30    2.3    2.4    2.2    97    1.9  19.3   WSW  3.22  35.4     W   -2.2    2.3   -2.2   -4.2  1002.3  0.00   0.8     0     0.00      0     0.0  0.00   0.0   0.111   0.000    9.5    64    3.0    9.2    0.00   234    1    100.0   10 
10/02/21   4:40    2.4    2.4    2.3    96    1.8  25.7   WSW  4.29  43.5   WSW   -2.9    2.4   -2.9   -4.7  1002.4  0.00   0.0     0     0.00      0     0.0  0.00   0.0   0.111   0.000    9.6    64    3.1    9.2    0.00   233    1    100.0   10 
10/02/21   4:50    2.6    2.6    2.4    95    1.9  20.9   WSW  3.49  37.0   WSW   -2.1    2.6   -2.1   -4.1  1002.6  0.20   0.0     0     0.00      0     0.0  0.00   0.0   0.109   0.000    9.5    64    3.0    9.2    0.00   233    1    100.0   10 
10/02/21   5:00    2.8    2.8    2.6    95    2.1  19.3   WSW  3.22  33.8     W   -1.6    2.8   -1.6   -3.7  1002.8  0.00   0.0     0     0.00      0     0.0  0.00   0.0   0.108   0.000    9.5    64    3.0    9.2    0.00   233    1    100.0   10 
10/02/21   5:10    3.2    3.2    2.8    93    2.2  24.1     W  4.02  43.5     W   -1.7    3.2   -1.7   -3.6  1002.9  0.00   0.0     0     0.00      0     0.0  0.00   0.0   0.105   0.000    9.5    64    3.0    9.2    0.00   234    1    100.0   10 
10/02/21   5:20    3.2    3.3    3.2    92    2.0  22.5     W  3.76  37.0   WSW   -1.5    3.2   -1.6   -3.5  1003.0  0.00   0.0     0     0.00      0     0.0  0.00   0.0   0.105   0.000    9.5    64    3.0    9.2    0.00   234    1    100.0   10 
10/02/21   5:30    3.2    3.3    3.2    93    2.1  19.3     W  3.22  37.0     W   -1.1    3.2   -1.1   -3.2  1003.0  0.00   0.0     0     0.00      0     0.0  0.00   0.0   0.105   0.000    9.5    64    3.0    9.2    0.00   233    1    100.0   10 
10/02/21   5:40    3.2    3.3    3.1    92    2.0  19.3     W  3.22  35.4     W   -1.1    3.1   -1.2   -3.2  1003.3  0.00   0.0     0     0.00      0     0.0  0.00   0.0   0.105   0.000    9.5    64    3.0    9.2    0.00   233    1    100.0   10 
10/02/21   5:50    3.1    3.2    3.1    92    1.9  22.5     W  3.76  38.6     W   -1.6    3.1   -1.7   -3.6  1003.7  0.00   0.0     0     0.00      0     0.0  0.00   0.0   0.106   0.000    9.5    64    3.0    9.2    0.00   234    1    100.0   10 
10/02/21   6:00    3.0    3.1    3.0    92    1.8  19.3     W  3.22  37.0     W   -1.3    2.9   -1.4   -3.4  1003.7  0.00   0.0     0     0.00      0     0.0  0.00   0.0   0.106   0.000    9.5    64    3.0    9.2    0.03   234    1    100.0   10 
10/02/21   6:10    2.9    3.0    2.8    91    1.6  17.7     W  2.95  40.2   WNW   -1.2    2.9   -1.2   -3.3  1003.9  0.00   0.0     0     0.00      0     0.0  0.00   0.0   0.107   0.000    9.5    64    3.0    9.2    0.00   234    1    100.0   10 
10/02/21   6:20    3.0    3.1    2.9    91    1.7  19.3     W  3.22  40.2     W   -1.3    2.9   -1.4   -3.4  1004.0  0.00   0.0     0     0.00      0     0.0  0.00   0.0   0.106   0.000    9.5    64    3.0    9.2    0.00   234    1    100.0   10 
10/02/21   6:30    2.9    3.0    2.9    91    1.6  19.3     W  3.22  32.2   WNW   -1.4    2.9   -1.5   -3.6  1004.3  0.00   0.0     0     0.00      0     0.0  0.00   0.0   0.107   0.000    9.5    64    3.0    9.2    0.00   234    1    100.0   10 
10/02/21   6:40    2.9    3.0    2.8    91    1.6  19.3     W  3.22  33.8   WNW   -1.5    2.8   -1.6   -3.6  1004.6  0.00   0.0     0     0.00      0     0.0  0.00   0.0   0.107   0.000    9.5    64    3.0    9.2    0.00   233    1    100.0   10 
10/02/21   6:50    2.8    2.9    2.8    92    1.7  19.3     W  3.22  35.4     W   -1.6    2.8   -1.6   -3.7  1004.8  0.00   0.0     0     0.00      0     0.0  0.00   0.0   0.108   0.000    9.5    64    3.0    9.2    0.00   234    1    100.0   10 
10/02/21   7:00    2.9    2.9    2.8    91    1.6  19.3     W  3.22  33.8     W   -1.5    2.8   -1.6   -3.6  1005.0  0.00   0.0     0     0.00      0     0.0  0.00   0.0   0.107   0.000    9.4    64    2.9    9.1    0.03   233    1    100.0   10 
10/02/21   7:10    2.9    2.9    2.8    92    1.7  17.7     W  2.95  33.8     W   -1.3    2.8   -1.3   -3.4  1005.2  0.00   0.0     0     0.00      0     0.0  0.00   0.0   0.107   0.000    9.4    63    2.7    9.0    0.00   233    1    100.0   10 
10/02/21   7:20    2.8    2.9    2.7    92    1.6  17.7   WNW  2.95  35.4     W   -1.4    2.7   -1.4   -3.6  1005.5  0.00   0.0     0     0.00      0     0.0  0.00   0.0   0.108   0.000    9.4    63    2.7    9.0    0.00   233    1    100.0   10 
10/02/21   7:30    2.7    2.8    2.7    93    1.6  17.7   WNW  2.95  35.4   WNW   -1.6    2.7   -1.6   -3.7  1005.8  0.00   0.0     0     0.00      0     0.0  0.00   0.0   0.109   0.000    9.4    63    2.7    9.0    0.00   232    1    100.0   10 
10/02/21   7:40    2.7    2.7    2.6    94    1.9  20.9     W  3.49  48.3     W   -1.9    2.7   -1.9   -3.9  1006.1  0.00   0.0     0     0.00      0     0.0  0.00   0.0   0.108   0.000    9.4    63    2.7    9.0    0.00   234    1    100.0   10 
10/02/21   7:50    2.7    2.8    2.7    94    1.9  19.3     W  3.22  33.8   WNW   -1.7    2.7   -1.7   -3.8  1006.4  0.00   0.0     0     0.00      0     0.0  0.00   0.0   0.108   0.000    9.4    63    2.7    9.0    0.00   233    1    100.0   10 
10/02/21   8:00    2.9    2.9    2.7    91    1.6  20.9   WNW  3.49  38.6   WNW   -1.7    2.8   -1.8   -3.8  1006.5  0.00   0.0     0     0.00      0     0.0  0.00   0.0   0.107   0.000    9.4    63    2.7    9.0    0.00   233    1    100.0   10 
10/02/21   8:10    2.8    2.9    2.8    91    1.5  19.3   WNW  3.22  35.4     W   -1.6    2.8   -1.6   -3.7  1006.6  0.00   0.0     0     0.00      0     0.0  0.00   0.0   0.108   0.000    9.4    63    2.7    9.0    0.00   234    1    100.0   10 
10/02/21   8:20    2.8    2.9    2.8    91    1.5  24.1   WNW  4.02  46.7   WNW   -2.2    2.8   -2.2   -4.1  1007.0  0.00   0.0     2     0.03      5     0.0  0.00   0.0   0.108   0.000    9.4    63    2.7    9.0    0.00   233    1    100.0   10 
10/02/21   8:30    2.8    2.9    2.8    92    1.7  19.3   WNW  3.22  30.6   WNW   -1.6    2.8   -1.6   -3.6  1007.4  0.00   0.0     6     0.09      7     0.0  0.00   0.0   0.108   0.000    9.4    63    2.7    9.0    0.00   234    1    100.0   10 
10/02/21   8:40    2.8    2.9    2.8    92    1.7  16.1   WNW  2.68  27.4   WNW   -1.1    2.8   -1.2   -3.3  1007.7  0.00   0.0     9     0.13     12     0.0  0.00   0.0   0.108   0.000    9.4    63    2.7    9.0    0.00   233    1    100.0   10 
10/02/21   8:50    2.8    2.8    2.8    92    1.7  17.7   WNW  2.95  30.6     W   -1.3    2.8   -1.4   -3.4  1007.9  0.00   0.0    13     0.19     18     0.0  0.00   0.0   0.108   0.000    9.4    63    2.7    9.0    0.00   232    1    100.0   10 
10/02/21   9:00    2.8    2.8    2.8    92    1.6  17.7   WNW  2.95  32.2   WNW   -1.4    2.7   -1.4   -3.3  1008.2  0.00   0.0    24     0.34     30     0.0  0.00   0.0   0.108   0.000    9.4    63    2.7    9.0    0.03   234    1    100.0   10 
10/02/21   9:10    2.8    2.8    2.8    92    1.7  19.3   WNW  3.22  33.8     W   -1.6    2.8   -1.6   -3.3  1008.5  0.00   0.0    41     0.59     44     0.0  0.00   0.0   0.108   0.000    9.4    63    2.7    9.0    0.00   231    1    100.0   10 
10/02/21   9:20    2.8    2.9    2.8    91    1.5  17.7   WNW  2.95  35.4   WNW   -1.3    2.8   -1.4   -3.1  1008.9  0.00   0.0    46     0.66     58     0.0  0.00   0.0   0.108   0.000    9.4    63    2.7    9.0    0.00   234    1    100.0   10 
10/02/21   9:30    2.8    2.9    2.8    92    1.7  19.3   WNW  3.22  33.8   WNW   -1.6    2.8   -1.6   -1.7  1009.2  0.00   0.0    61     0.87     65     0.0  0.00   0.0   0.108   0.000    9.4    63    2.7    9.0    0.00   234    1    100.0   10 
10/02/21   9:40    2.8    2.8    2.8    92    1.6  19.3   WNW  3.22  30.6     W   -1.6    2.7   -1.7   -2.0  1009.3  0.00   0.0    52     0.75     62     0.0  0.00   0.0   0.108   0.000    9.4    63    2.7    9.0    0.00   232    1    100.0   10 
10/02/21   9:50    2.8    2.8    2.7    91    1.5  17.7   WNW  2.95  33.8   WNW   -1.4    2.7   -1.4   -1.8  1009.5  0.00   0.0    48     0.69    127     0.0  0.00   0.0   0.108   0.000    9.4    63    2.7    9.0    0.00   232    1    100.0   10 
10/02/21  10:00    3.3    3.3    2.8    89    1.7  17.7   WNW  2.95  33.8     W   -0.7    3.3   -0.8    0.9  1010.0  0.00   0.0   195     2.80    330     0.1  0.01   0.5   0.104   0.000    9.3    63    2.6    8.9    0.05   234    1    100.0   10 
10/02/21  10:10    3.3    3.4    3.2    88    1.5  19.3   WNW  3.22  35.4   WNW   -1.0    3.2   -1.1    0.3  1010.2  0.00   0.0   152     2.18    230     0.2  0.01   0.7   0.105   0.000    9.3    63    2.6    8.9    0.00   233    1    100.0   10 
10/02/21  10:20    3.8    3.8    3.3    89    2.1  16.1   WNW  2.68  30.6    NW    0.1    3.7    0.1    2.4  1010.3  0.00   0.0   229     3.28    471     0.6  0.04   0.8   0.101   0.000    9.3    63    2.6    8.9    0.00   235    1    100.0   10 
10/02/21  10:30    3.6    3.8    3.6    87    1.6  17.7   WNW  2.95  33.8   WNW   -0.4    3.4   -0.6    1.2  1010.7  0.00   0.0   184     2.64    225     0.5  0.04   0.6   0.103   0.000    9.3    63    2.6    8.9    0.00   233    1    100.0   10 
10/02/21  10:40    3.6    3.6    3.4    87    1.6  16.1   WNW  2.68  33.8     W   -0.2    3.4   -0.3    1.6  1011.0  0.00   0.0   187     2.68    197     0.6  0.04   0.6   0.103   0.000    9.3    63    2.6    8.9    0.00   233    1    100.0   10 
10/02/21  10:50    3.8    3.8    3.5    88    2.0  12.9   WNW  2.15  30.6     W    0.6    3.7    0.6    2.7  1011.2  0.00   0.0   192     2.75    206     0.6  0.04   0.7   0.101   0.000    9.3    63    2.6    8.9    0.00   234    1    100.0   10 
10/02/21  11:00    4.1    4.1    3.8    87    2.1  11.3   WNW  1.88  22.5   WNW    1.3    3.9    1.2    4.1  1011.4  0.00   0.0   244     3.50    299     0.8  0.06   0.9   0.099   0.000    9.3    63    2.6    8.9    0.10   234    1    100.0   10 
10/02/21  11:10    4.2    4.2    4.0    85    1.9  14.5   WNW  2.41  27.4   WNW    0.8    4.1    0.7    3.9  1011.8  0.00   0.0   294     4.21    322     0.9  0.06   1.0   0.098   0.000    9.3    63    2.6    8.9    0.00   233    1    100.0   10 
10/02/21  11:20    4.4    4.4    4.2    82    1.6  17.7   WNW  2.95  32.2   WNW    0.7    4.3    0.5    3.7  1012.0  0.00   0.0   326     4.67    418     1.2  0.09   1.6   0.096   0.000    9.3    63    2.6    8.9    0.00   235    1    100.0   10 
10/02/21  11:30    4.9    4.9    4.4    81    2.0  17.7   WNW  2.95  30.6   WNW    1.3    4.8    1.1    7.7  1012.0  0.00   0.0   590     8.46    673     1.5  0.11   1.7   0.093   0.000    9.3    63    2.6    8.9    0.00   234    1    100.0   10 
10/02/21  11:40    5.2    5.3    5.0    80    2.0  16.1   WNW  2.68  33.8   WNW    1.8    5.0    1.6    7.8  1012.3  0.00   0.0   556     7.97    580     1.6  0.11   1.7   0.091   0.000    9.3    63    2.6    8.9    0.00   234    1    100.0   10 
10/02/21  11:50    5.4    5.5    5.1    79    2.1  17.7   WNW  2.95  29.0     W    1.8    5.3    1.7    8.1  1012.3  0.00   0.0   599     8.59    619     1.7  0.12   1.9   0.090   0.000    9.3    63    2.6    8.9    0.00   232    1    100.0   10 
10/02/21  12:00    5.1    5.6    5.1    78    1.6  19.3     W  3.22  40.2     W    1.2    4.9    1.1    5.6  1012.7  0.00   0.0   490     7.02    622     1.7  0.12   2.0   0.092   0.000    9.3    63    2.6    8.9    0.20   232    1    100.0   10 
10/02/21  12:10    5.1    5.1    4.8    80    1.9  12.9     W  2.15  24.1     W    2.2    4.9    2.0    4.9  1013.2  0.00   0.0   267     3.83    297     1.3  0.09   1.4   0.092   0.000    9.3    63    2.6    8.9    0.00   233    1    100.0   10 
10/02/21  12:20    5.6    5.6    5.1    78    2.1   8.0     W  1.34  19.3     W    3.8    5.4    3.7    6.7  1013.3  0.00   0.0   265     3.80    323     1.5  0.11   1.9   0.088   0.000    9.3    63    2.6    8.9    0.00   234    1    100.0   10 
10/02/21  12:30    5.7    5.7    5.5    78    2.2  11.3     W  1.88  24.1   WSW    3.3    5.6    3.1    5.6  1013.4  0.00   0.0   231     3.31    508     1.6  0.11   2.4   0.088   0.000    9.3    63    2.6    8.9    0.00   235    1    100.0   10 
10/02/21  12:40    5.9    6.3    5.7    76    2.0  11.3     W  1.88  30.6     W    3.6    5.7    3.3    8.2  1013.5  0.00   0.0   470     6.74    684     1.9  0.14   2.5   0.086   0.000    9.2    63    2.5    8.8    0.00   233    1    100.0   10 
10/02/21  12:50    5.9    5.9    5.8    78    2.3  12.9     W  2.15  25.7     W    3.2    5.7    3.0    5.4  1013.6  0.00   0.0   233     3.34    248     1.9  0.14   2.5   0.086   0.000    9.2    63    2.5    8.8    0.00   232    1    100.0   10 
10/02/21  13:00    6.6    6.6    5.8    76    2.6  12.9     W  2.15  25.7     W    4.0    6.3    3.8   11.3  1013.5  0.00   0.0   653     9.36    666     2.3  0.16   2.6   0.082   0.000    9.2    63    2.5    8.8    0.18   234    1    100.0   10 
10/02/21  13:10    6.9    6.9    6.4    77    3.1  16.1     W  2.68  30.6     W    3.8    6.7    3.6   10.8  1013.8  0.00   0.0   672     9.63    694     2.6  0.19   2.6   0.079   0.000    9.2    63    2.5    8.8    0.00   234    1    100.0   10 
10/02/21  13:20    7.1    7.4    6.9    76    3.2   9.7   WSW  1.61  22.5   WSW    5.3    6.9    5.1   11.7  1013.9  0.00   0.0   569     8.16    731     2.2  0.16   2.7   0.078   0.000    9.2    63    2.5    8.8    0.00   233    1    100.0   10 
10/02/21  13:30    6.7    7.1    6.7    76    2.7  14.5   WSW  2.41  25.7     W    3.8    6.4    3.6    6.2  1014.0  0.00   0.0   253     3.63    302     1.8  0.13   2.7   0.081   0.000    9.2    63    2.5    8.8    0.00   233    1    100.0   10 
10/02/21  13:40    6.1    6.7    6.1    77    2.3  11.3     W  1.88  20.9   WSW    3.7    5.8    3.5    5.0  1014.0  0.00   0.0   167     2.39    209     1.4  0.10   1.7   0.085   0.000    9.2    63    2.5    8.8    0.00   234    1    100.0   10 
10/02/21  13:50    6.9    6.9    6.0    75    2.8  11.3     W  1.88  20.9     W    4.8    6.7    4.6    8.2  1014.0  0.00   0.0   318     4.56    694     1.8  0.13   2.5   0.079   0.000    9.2    63    2.5    8.8    0.00   232    1    100.0   10 
10/02/21  14:00    7.3    7.3    6.9    74    3.0  12.9     W  2.15  27.4   WSW    4.9    7.1    4.7   10.3  1014.0  0.00   0.0   512     7.34    728     2.1  0.15   2.8   0.076   0.000    9.2    63    2.5    8.8    0.20   234    1    100.0   10 
10/02/21  14:10    8.0    8.1    7.3    71    3.1   9.7     W  1.61  25.7     W    6.3    7.7    6.1   13.3  1014.1  0.00   0.0   573     8.21    763     2.4  0.17   3.0   0.072   0.000    9.2    63    2.5    8.8    0.00   233    1    100.0   10 
10/02/21  14:20    7.4    8.0    7.3    76    3.4  11.3   WNW  1.88  22.5   WNW    5.3    7.2    5.1    9.1  1014.2  0.00   0.0   338     4.85    378     1.6  0.11   2.5   0.076   0.000    9.2    63    2.5    8.8    0.00   232    1    100.0   10 
10/02/21  14:30    7.1    7.4    7.1    75    2.9  11.3     W  1.88  20.9   WNW    4.9    6.8    4.7    7.8  1014.3  0.00   0.0   266     3.81    283     1.5  0.11   2.3   0.078   0.000    9.2    63    2.5    8.8    0.00   234    1    100.0   10 
10/02/21  14:40    7.6    7.8    6.9    74    3.3  12.9     W  2.15  27.4   WSW    5.2    7.4    5.0   11.4  1014.3  0.00   0.0   512     7.34    819     1.9  0.14   2.5   0.074   0.000    9.2    64    2.8    8.8    0.00   234    1    100.0   10 
10/02/21  14:50    8.5    8.5    7.7    72    3.7  14.5     W  2.41  30.6   WSW    5.9    8.3    5.7   16.4  1014.3  0.00   0.0   766    10.98    833     2.2  0.16   2.3   0.068   0.000    9.2    64    2.8    8.8    0.00   235    1    100.0   10 
10/02/21  15:00    8.6    9.0    8.3    71    3.6  12.9     W  2.15  24.1     W    6.3    8.3    6.1   15.9  1014.2  0.00   0.0   681     9.76    796     2.1  0.15   2.2   0.068   0.000    9.2    64    2.8    8.8    0.28   233    1    100.0   10 
10/02/21  15:10    7.7    8.6    7.7    72    2.9  12.9     W  2.15  24.1     W    5.3    7.4    5.1   10.0  1014.4  0.00   0.0   397     5.69    617     1.6  0.11   2.0   0.074   0.000    9.2    64    2.8    8.8    0.00   232    1    100.0   10 
10/02/21  15:20    6.8    7.7    6.8    75    2.7  12.9     W  2.15  24.1   WNW    4.3    6.6    4.1    5.5  1014.5  0.00   0.0   143     2.05    250     1.0  0.07   1.2   0.080   0.000    9.2    64    2.8    8.8    0.00   233    1    100.0   10 
10/02/21  15:30    7.1    7.1    6.8    76    3.1   9.7     W  1.61  19.3     W    5.2    6.8    4.9    6.9  1014.4  0.00   0.0   169     2.42    179     0.8  0.06   0.9   0.078   0.000    9.2    64    2.8    8.8    0.00   232    1    100.0   10 
10/02/21  15:40    6.9    7.1    6.8    74    2.6  11.3     W  1.88  22.5   WSW    4.7    6.7    4.5    6.1  1014.6  0.00   0.0   146     2.09    174     0.7  0.05   0.8   0.079   0.000    9.2    64    2.8    8.8    0.00   234    1    100.0   10 
10/02/21  15:50    7.0    7.0    6.9    74    2.7  12.9     W  2.15  20.9     W    4.5    6.8    4.3    6.2  1014.6  0.00   0.0   174     2.49    209     0.7  0.05   1.3   0.079   0.000    9.2    64    2.8    8.8    0.00   235    1    100.0   10 
10/02/21  16:00    7.3    7.4    7.0    73    2.8   8.0     W  1.34  19.3   WSW    5.8    7.1    5.6    7.7  1014.7  0.00   0.0   205     2.94    538     0.7  0.05   1.3   0.077   0.000    9.2    64    2.8    8.8    0.13   233    1    100.0   10 
10/02/21  16:10    7.4    7.7    7.3    72    2.7   6.4     W  1.07  17.7   WNW    6.3    7.1    6.1    9.4  1014.7  0.00   0.0   250     3.58    608     0.7  0.05   1.0   0.076   0.000    9.2    64    2.8    8.8    0.00   233    1    100.0   10 
10/02/21  16:20    7.3    7.3    7.2    72    2.6   6.4     W  1.07  16.1     W    6.2    7.0    5.9    7.1  1014.9  0.00   0.0   135     1.94    188     0.2  0.01   0.5   0.077   0.000    9.2    64    2.8    8.8    0.00   233    1    100.0   10 
10/02/21  16:30    7.4    7.4    7.2    71    2.5  11.3     W  1.88  19.3     W    5.4    7.2    5.1    6.8  1014.8  0.00   0.0   171     2.45    188     0.2  0.01   0.5   0.076   0.000    9.2    64    2.8    8.8    0.00   232    1    100.0   10 
10/02/21  16:40    7.6    7.7    7.4    72    2.9   4.8     W  0.80  14.5     W    7.1    7.3    6.8    6.0  1015.1  0.00   0.0   145     2.08    246     0.0  0.00   0.5   0.074   0.000    9.2    64    2.8    8.8    0.00   233    1    100.0   10 
10/02/21  16:50    7.3    7.6    7.3    73    2.8   8.0   WNW  1.34  14.5     W    5.8    7.1    5.6    4.2  1015.2  0.00   0.0   105     1.51    113     0.0  0.00   0.0   0.077   0.000    9.2    64    2.8    8.8    0.00   234    1    100.0   10 
10/02/21  17:00    7.7    7.8    7.3    72    2.9   8.0   WNW  1.34  17.7   WNW    6.3    7.4    6.0    5.7  1015.2  0.00   0.0   192     2.75    373     0.0  0.00   0.0   0.074   0.000    9.2    64    2.8    8.8    0.10   235    1    100.0   10 
10/02/21  17:10    7.7    7.7    7.4    72    2.9   6.4   WNW  1.07  16.1     W    6.7    7.4    6.4    5.2  1015.4  0.00   0.0   117     1.68    162     0.0  0.00   0.0   0.074   0.000    9.2    64    2.8    8.8    0.00   234    1    100.0   10 
10/02/21  17:20    7.5    7.8    7.5    74    3.2   8.0   WNW  1.34  14.5   WNW    6.1    7.3    5.8    4.4  1015.5  0.00   0.0    90     1.29    109     0.0  0.00   0.0   0.075   0.000    9.2    64    2.8    8.8    0.00   234    1    100.0   10 
10/02/21  17:30    7.4    7.6    7.4    75    3.2   4.8   WNW  0.80  11.3   WNW    6.9    7.2    6.7    5.1  1015.5  0.00   0.0    77     1.10     97     0.0  0.00   0.0   0.076   0.000    9.2    64    2.8    8.8    0.00   234    1    100.0   10 
10/02/21  17:40    7.3    7.4    7.3    74    2.9   4.8   WNW  0.80  12.9     W    6.7    7.1    6.5    4.7  1015.8  0.00   0.0    64     0.92     81     0.0  0.00   0.0   0.077   0.000    9.2    64    2.8    8.8    0.00   234    1    100.0   10 
10/02/21  17:50    7.3    7.3    7.3    74    2.9   1.6     W  0.27  11.3     W    7.3    7.1    7.1    5.1  1015.9  0.00   0.0    45     0.65     49     0.0  0.00   0.0   0.077   0.000    9.2    64    2.8    8.8    0.00   234    1    100.0   10 
10/02/21  18:00    7.3    7.3    7.2    74    2.9   3.2     W  0.54   9.7     W    7.3    7.1    7.1    4.9  1015.9  0.00   0.0    36     0.52     44     0.0  0.00   0.0   0.077   0.000    9.2    64    2.8    8.8    0.05   233    1    100.0   10 
10/02/21  18:10    7.2    7.3    7.2    74    2.9   3.2     W  0.54   9.7     W    7.2    7.0    7.0    4.8  1015.9  0.00   0.0    25     0.36     30     0.0  0.00   0.0   0.077   0.000    9.2    64    2.8    8.8    0.00   233    1    100.0   10 
10/02/21  18:20    7.1    7.2    7.1    74    2.8   3.2     W  0.54  12.9     W    7.1    6.9    6.9    4.5  1016.1  0.00   0.0    11     0.16     18     0.0  0.00   0.0   0.078   0.000    9.2    64    2.8    8.8    0.00   233    1    100.0   10 
10/02/21  18:30    6.9    7.1    6.9    75    2.8   0.0     W  0.00   8.0     W    6.9    6.7    6.7    4.3  1016.2  0.00   0.0     7     0.10      9     0.0  0.00   0.0   0.079   0.000    9.2    64    2.8    8.8    0.00   233    1    100.0   10 
10/02/21  18:40    6.9    7.0    6.9    75    2.8   3.2     W  0.54   8.0     W    6.9    6.7    6.7    4.1  1016.3  0.00   0.0     2     0.03      5     0.0  0.00   0.0   0.079   0.000    9.2    64    2.8    8.8    0.00   234    1    100.0   10 
10/02/21  18:50    6.9    7.0    6.9    76    3.0   3.2     W  0.54   9.7     W    6.9    6.7    6.7    4.2  1016.6  0.00   0.0     0     0.00      0     0.0  0.00   0.0   0.079   0.000    9.2    64    2.8    8.8    0.00   234    1    100.0   10 
10/02/21  19:00    6.6    6.9    6.6    77    2.9   1.6     W  0.27  11.3     W    6.6    6.4    6.4    3.9  1016.8  0.00   0.0     0     0.00      0     0.0  0.00   0.0   0.081   0.000    9.2    64    2.8    8.8    0.03   233    1    100.0   10 
10/02/21  19:10    6.4    6.6    6.4    77    2.7   0.0   ---  0.00   0.0   ---    6.4    6.3    6.3    3.7  1017.0  0.00   0.0     0     0.00      0     0.0  0.00   0.0   0.083   0.000    9.2    64    2.8    8.8    0.00   234    1    100.0   10 
10/02/21  19:20    6.2    6.4    6.2    78    2.7   0.0   ---  0.00   0.0   ---    6.2    6.1    6.1    3.5  1016.9  0.00   0.0     0     0.00      0     0.0  0.00   0.0   0.084   0.000    9.2    64    2.8    8.8    0.00   234    1    100.0   10 
10/02/21  19:30    5.9    6.2    5.9    79    2.6   0.0   ---  0.00   0.0   ---    5.9    5.8    5.8    3.2  1017.1  0.00   0.0     0     0.00      0     0.0  0.00   0.0   0.086   0.000    9.2    64    2.8    8.8    0.00   232    1    100.0   10 
10/02/21  19:40    5.7    5.9    5.7    79    2.4   0.0   ---  0.00   0.0   ---    5.7    5.6    5.6    3.0  1017.2  0.00   0.0     0     0.00      0     0.0  0.00   0.0   0.088   0.000    9.2    64    2.8    8.8    0.00   233    1    100.0   10 
10/02/21  19:50    5.4    5.7    5.4    81    2.4   0.0   ---  0.00   0.0   ---    5.4    5.3    5.3    2.7  1017.3  0.00   0.0     0     0.00      0     0.0  0.00   0.0   0.090   0.000    9.2    64    2.8    8.8    0.00   233    1    100.0   10 
10/02/21  20:00    5.2    5.4    5.2    81    2.2   0.0   ---  0.00   0.0   ---    5.2    5.1    5.1    2.5  1017.2  0.00   0.0     0     0.00      0     0.0  0.00   0.0   0.091   0.000    9.2    64    2.8    8.8    0.00   234    1    100.0   10 
10/02/21  20:10    5.0    5.3    5.0    83    2.4   0.0   ---  0.00   0.0   ---    5.0    4.9    4.9    2.3  1017.3  0.00   0.0     0     0.00      0     0.0  0.00   0.0   0.093   0.000    9.3    64    2.9    8.9    0.00   232    1    100.0   10 
10/02/21  20:20    4.7    5.0    4.6    83    2.0   0.0   ---  0.00   0.0   ---    4.7    4.6    4.6    1.9  1017.5  0.00   0.0     0     0.00      0     0.0  0.00   0.0   0.095   0.000    9.3    64    2.9    8.9    0.00   235    1    100.0   10 
10/02/21  20:30    4.6    4.7    4.6    84    2.1   0.0   ---  0.00   0.0   ---    4.6    4.4    4.4    1.8  1017.6  0.00   0.0     0     0.00      0     0.0  0.00   0.0   0.096   0.000    9.3    64    2.9    8.9    0.00   234    1    100.0   10 
10/02/21  20:40    4.0    4.6    4.0    85    1.7   0.0     W  0.00  11.3     W    4.0    3.9    3.9    1.3  1017.9  0.00   0.0     0     0.00      0     0.0  0.00   0.0   0.100   0.000    9.3    64    2.9    8.9    0.00   234    1    100.0   10 
10/02/21  20:50    3.3    4.0    3.3    88    1.5   0.0   ---  0.00   0.0   ---    3.3    3.2    3.2    0.6  1017.8  0.00   0.0     0     0.00      0     0.0  0.00   0.0   0.105   0.000    9.3    64    2.9    8.9    0.00   233    1    100.0   10 
10/02/21  21:00    3.4    3.5    3.2    89    1.8   1.6     W  0.27   6.4     W    3.4    3.4    3.4    0.8  1017.9  0.00   0.0     0     0.00      0     0.0  0.00   0.0   0.103   0.000    9.3    64    2.9    8.9    0.00   234    1    100.0   10 
10/02/21  21:10    3.2    3.4    3.2    89    1.6   0.0   ---  0.00   0.0   ---    3.2    3.2    3.2    0.6  1017.8  0.00   0.0     0     0.00      0     0.0  0.00   0.0   0.105   0.000    9.3    64    2.9    8.9    0.00   232    1    100.0   10 
10/02/21  21:20    2.9    3.2    2.9    90    1.4   1.6     W  0.27   6.4     W    2.9    2.8    2.8    0.2  1017.9  0.00   0.0     0     0.00      0     0.0  0.00   0.0   0.107   0.000    9.3    64    2.9    8.9    0.00   232    1    100.0   10 
10/02/21  21:30    2.9    2.9    2.9    91    1.6   4.8     W  0.80   8.0     W    1.8    2.9    1.8   -0.8  1018.1  0.00   0.0     0     0.00      0     0.0  0.00   0.0   0.107   0.000    9.3    64    2.9    8.9    0.00   235    1    100.0   10 
10/02/21  21:40    2.7    2.9    2.7    91    1.4   1.6     W  0.27   6.4     W    2.7    2.7    2.7    0.1  1018.1  0.00   0.0     0     0.00      0     0.0  0.00   0.0   0.108   0.000    9.3    64    2.9    8.9    0.00   232    1    100.0   10 
10/02/21  21:50    2.8    2.8    2.7    92    1.6   0.0   ---  0.00   0.0   ---    2.8    2.7    2.7    0.1  1018.4  0.00   0.0     0     0.00      0     0.0  0.00   0.0   0.108   0.000    9.3    64    2.9    8.9    0.00   233    1    100.0   10 
10/02/21  22:00    2.5    2.8    2.5    92    1.3   1.6     S  0.27   9.7     S    2.5    2.4    2.4   -0.2  1018.5  0.00   0.0     0     0.00      0     0.0  0.00   0.0   0.110   0.000    9.3    64    2.9    8.9    0.00   232    1    100.0   10 
10/02/21  22:10    2.2    2.5    2.2    93    1.2   6.4   SSE  1.07   9.7     S    0.4    2.2    0.4   -2.2  1018.5  0.00   0.0     0     0.00      0     0.0  0.00   0.0   0.112   0.000    9.3    64    2.9    8.9    0.00   233    1    100.0   10 
10/02/21  22:20    2.2    2.3    2.2    93    1.2   6.4   SSE  1.07   8.0   SSE    0.3    2.2    0.3   -2.3  1018.5  0.00   0.0     0     0.00      0     0.0  0.00   0.0   0.112   0.000    9.4    64    2.9    9.1    0.00   233    1    100.0   10 
10/02/21  22:30    1.7    2.2    1.7    94    0.9   4.8   SSE  0.80   9.7   SSE    0.4    1.7    0.4   -2.2  1018.5  0.00   0.0     0     0.00      0     0.0  0.00   0.0   0.115   0.000    9.4    64    2.9    9.1    0.00   234    1    100.0   10 
10/02/21  22:40    1.9    1.9    1.7    94    1.0   6.4   SSE  1.07   8.0   SSE    0.0    1.9    0.0   -2.6  1018.7  0.00   0.0     0     0.00      0     0.0  0.00   0.0   0.114   0.000    9.4    64    2.9    9.1    0.00   235    1    100.0   10 
10/02/21  22:50    1.6    1.9    1.6    94    0.7   4.8   SSE  0.80   6.4   SSE    0.3    1.6    0.3   -2.3  1018.7  0.00   0.0     0     0.00      0     0.0  0.00   0.0   0.116   0.000    9.4    64    2.9    9.1    0.00   231    1    100.0   10 
10/02/21  23:00    0.9    1.6    0.9    95    0.2   0.0   SSE  0.00   3.2   SSE    0.9    0.8    0.8   -1.8  1018.9  0.00   0.0     0     0.00      0     0.0  0.00   0.0   0.121   0.000    9.4    64    2.9    9.1    0.00   233    1    100.0   10 
10/02/21  23:10    0.5    0.8    0.4    97    0.1   0.0   ---  0.00   0.0   ---    0.5    0.4    0.4   -2.2  1019.0  0.00   0.0     0     0.00      0     0.0  0.00   0.0   0.124   0.000    9.4    64    2.9    9.1    0.00   233    1    100.0   10 
10/02/21  23:20    0.7    0.7    0.5    96    0.1   0.0   ---  0.00   0.0   ---    0.7    0.6    0.6   -2.1  1019.1  0.00   0.0     0     0.00      0     0.0  0.00   0.0   0.123   0.000    9.4    64    2.9    9.1    0.00   234    1    100.0   10 
10/02/21  23:30    0.9    0.9    0.7    96    0.3   6.4   SSE  1.07   9.7   SSE   -1.2    0.8   -1.2   -3.9  1019.0  0.00   0.0     0     0.00      0     0.0  0.00   0.0   0.121   0.000    9.4    64    2.9    9.1    0.00   234    1    100.0   10 
10/02/21  23:40    0.5    0.8    0.4    96   -0.1   1.6   SSE  0.27   8.0   SSE    0.5    0.4    0.4   -2.2  1019.2  0.00   0.0     0     0.00      0     0.0  0.00   0.0   0.124   0.000    9.4    64    2.9    9.1    0.00   233    1    100.0   10 
10/02/21  23:50    0.7    0.7    0.4    97    0.2   3.2   SSE  0.54   8.0   SSE    0.2    0.6    0.1   -2.6  1019.2  0.00   0.0     0     0.00      0     0.0  0.00   0.0   0.123   0.000    9.4    64    2.9    9.1    0.00   232    1    100.0   10 
11/02/21  00:00    0.5    0.7    0.5    97    0.1   0.0   ---  0.00   0.0   ---    0.5    0.4    0.4   -2.2  1019.3  0.00   0.0     0     0.00      0     0.0  0.00   0.0   0.124   0.000    9.4    64    2.9    9.1    0.00   234    1    100.0   10 
11/02/21   0:10    0.1    0.6    0.0    97   -0.4   1.6   SSE  0.27   8.0   SSE    0.1    0.1    0.1   -2.6  1019.5  0.00   0.0     0     0.00      0     0.0  0.00   0.0   0.127   0.000    9.5    64    3.0    9.2    0.00   232    1    100.0   10 
11/02/21   0:20    0.1    0.1   -0.1    98   -0.2   6.4   SSE  1.07   9.7   SSE   -2.1    0.1   -2.1   -4.7  1019.7  0.00   0.0     0     0.00      0     0.0  0.00   0.0   0.127   0.000    9.5    64    3.0    9.2    0.00   233    1    100.0   10 
11/02/21   0:30    0.3    0.3    0.1    97   -0.1   3.2   SSE  0.54   6.4   SSE   -0.3    0.3   -0.3   -2.9  1019.9  0.00   0.0     0     0.00      0     0.0  0.00   0.0   0.125   0.000    9.5    64    3.0    9.2    0.00   234    1    100.0   10 
11/02/21   0:40    0.3    0.3    0.2    97   -0.1   3.2   SSE  0.54   9.7   SSE   -0.3    0.3   -0.3   -2.9  1020.0  0.00   0.0     0     0.00      0     0.0  0.00   0.0   0.125   0.000    9.5    64    3.0    9.2    0.00   233    1    100.0   10 
11/02/21   0:50    0.2    0.3    0.2    98   -0.1   4.8   SSE  0.80   9.7   SSE   -1.2    0.2   -1.2   -3.9  1019.8  0.00   0.0     0     0.00      0     0.0  0.00   0.0   0.126   0.000    9.5    64    3.0    9.2    0.00   209    1     91.7   10 
11/02/21   1:00    0.4    0.4    0.2    98    0.1   1.6   SSE  0.27   6.4   SSE    0.4    0.4    0.4   -2.3  1020.1  0.00   0.0     0     0.00      0     0.0  0.00   0.0   0.125   0.000    9.5    64    3.0    9.2    0.00   235    1    100.0   10 
11/02/21   1:10    0.9    0.9    0.3    97    0.5   3.2   SSE  0.54   8.0   SSE    0.4    0.8    0.3   -2.3  1020.1  0.00   0.0     0     0.00      0     0.0  0.00   0.0   0.121   0.000    9.5    64    3.0    9.2    0.00   233    1    100.0   10 
11/02/21   1:20    1.2    1.2    0.9    97    0.8   3.2   SSE  0.54   8.0   SSE    0.8    1.2    0.8   -1.8  1020.1  0.00   0.0     0     0.00      0     0.0  0.00   0.0   0.119   0.000    9.5    64    3.0    9.2    0.00   234    1    100.0   10 
11/02/21   1:30    1.3    1.5    1.2    96    0.8   0.0   ---  0.00   0.0   ---    1.3    1.3    1.3   -1.3  1020.2  0.00   0.0     0     0.00      0     0.0  0.00   0.0   0.118   0.000    9.5    64    3.0    9.2    0.00   234    1    100.0   10 
11/02/21   1:40    1.9    1.9    1.4    95    1.2   0.0   ---  0.00   0.0   ---    1.9    1.9    1.9   -0.7  1020.2  0.00   0.0     0     0.00      0     0.0  0.00   0.0   0.114   0.000    9.5    64    3.0    9.2    0.00   234    1    100.0   10 
11/02/21   1:50    1.7    1.9    1.7    95    1.0   4.8   SSE  0.80   6.4   SSE    0.4    1.7    0.4   -2.2  1020.2  0.00   0.0     0     0.00      0     0.0  0.00   0.0   0.115   0.000    9.5    64    3.0    9.2    0.00   232    1    100.0   10 
11/02/21   2:00    1.5    1.7    1.5    96    0.9   3.2   SSE  0.54   4.8   SSE    1.1    1.5    1.1   -1.6  1020.3  0.00   0.0     0     0.00      0     0.0  0.00   0.0   0.117   0.000    9.5    64    3.0    9.2    0.00   234    1    100.0   10 
11/02/21   2:10    1.6    1.6    1.4    97    1.2   0.0   ---  0.00   0.0   ---    1.6    1.6    1.6   -1.0  1020.4  0.00   0.0     0     0.00      0     0.0  0.00   0.0   0.116   0.000    9.5    64    3.0    9.2    0.00   234    1    100.0   10 
11/02/21   2:20    2.3    2.3    1.7    96    1.7   3.2   SSE  0.54   8.0   SSE    1.9    2.3    1.9   -0.7  1020.5  0.00   0.0     0     0.00      0     0.0  0.00   0.0   0.111   0.000    9.5    64    3.0    9.2    0.00   234    1    100.0   10 
11/02/21   2:30    3.0    3.0    2.3    93    2.0   8.0     S  1.34  12.9   SSE    0.8    3.0    0.8   -1.8  1020.4  0.00   0.0     0     0.00      0     0.0  0.00   0.0   0.106   0.000    9.6    64    3.1    9.2    0.00   234    1    100.0   10 
11/02/21   2:40    3.8    3.8    3.1    91    2.4   8.0     S  1.34  14.5     S    1.7    3.7    1.7   -0.9  1020.5  0.00   0.0     0     0.00      0     0.0  0.00   0.0   0.101   0.000    9.6    64    3.1    9.2    0.00   233    1    100.0   10 
11/02/21   2:50    4.3    4.3    3.8    89    2.6   8.0   SSW  1.34  11.3   SSW    2.3    4.2    2.2   -0.3  1020.4  0.00   0.0     0     0.00      0     0.0  0.00   0.0   0.098   0.000    9.6    64    3.1    9.2    0.00   230    1    100.0   10 
11/02/21   3:00    4.2    4.3    4.2    88    2.4   6.4   SSW  1.07  11.3     S    2.7    4.2    2.7    0.1  1020.5  0.00   0.0     0     0.00      0     0.0  0.00   0.0   0.098   0.000    9.6    64    3.1    9.2    0.00   232    1    100.0   10 
11/02/21   3:10    4.3    4.3    4.2    90    2.8   6.4     S  1.07  11.3   SSW    2.8    4.3    2.8    0.2  1020.6  0.00   0.0     0     0.00      0     0.0  0.00   0.0   0.097   0.000    9.6    64    3.1    9.2    0.00   233    1    100.0   10 
11/02/21   3:20    4.3    4.4    4.3    91    3.0   6.4     S  1.07  11.3     S    2.8    4.3    2.8    0.2  1020.6  0.00   0.0     0     0.00      0     0.0  0.00   0.0   0.097   0.000    9.6    64    3.1    9.2    0.00   234    1    100.0   10 
11/02/21   3:30    3.9    4.3    3.9    93    2.9   6.4     S  1.07  11.3     S    2.4    3.9    2.4   -0.2  1020.7  0.00   0.0     0     0.00      0     0.0  0.00   0.0   0.100   0.000    9.6    64    3.1    9.2    0.00   230    1    100.0   10 
11/02/21   3:40    3.7    3.9    3.6    96    3.1   4.8   SSE  0.80   8.0   SSE    2.7    3.7    2.7    0.1  1020.7  0.00   0.0     0     0.00      0     0.0  0.00   0.0   0.102   0.000    9.6    64    3.1    9.2    0.00   234    1    100.0   10 
11/02/21   3:50    3.5    3.7    3.4    98    3.2   4.8   SSE  0.80   8.0   SSE    2.4    3.6    2.5   -0.1  1020.6  0.00   0.0     0     0.00      0     0.0  0.00   0.0   0.103   0.000    9.6    64    3.1    9.2    0.00   234    1    100.0   10 
11/02/21   4:00    3.4    3.4    3.4    99    3.3   0.0   SSE  0.00   6.4   SSE    3.4    3.5    3.5    0.9  1020.6  0.20   0.0     0     0.00      0     0.0  0.00   0.0   0.103   0.000    9.6    64    3.1    9.2    0.00   233    1    100.0   10 
11/02/21   4:10    3.4    3.4    3.4    99    3.2   0.0   ---  0.00   0.0   ---    3.4    3.4    3.4    0.9  1020.4  0.00   0.0     0     0.00      0     0.0  0.00   0.0   0.104   0.000    9.6    64    3.1    9.2    0.00   233    1    100.0   10 
11/02/21   4:20    3.4    3.4    3.4    99    3.3   0.0   ---  0.00   0.0   ---    3.4    3.5    3.5    0.9  1020.3  0.20   0.0     0     0.00      0     0.0  0.00   0.0   0.103   0.000    9.6    64    3.1    9.2    0.00   233    1    100.0   10 
11/02/21   4:30    3.5    3.5    3.4    99    3.4   0.0   ---  0.00   0.0   ---    3.5    3.6    3.6    1.1  1020.3  0.00   0.0     0     0.00      0     0.0  0.00   0.0   0.103   0.000    9.6    64    3.1    9.2    0.00   235    1    100.0   10 
11/02/21   4:40    3.6    3.6    3.5   100    3.6   0.0   ---  0.00   0.0   ---    3.6    3.6    3.6    1.1  1020.1  0.00   0.0     0     0.00      0     0.0  0.00   0.0   0.103   0.000    9.6    64    3.1    9.2    0.00   234    1    100.0   10 
11/02/21   4:50    3.6    3.7    3.5   100    3.6   1.6   SSE  0.27   9.7   SSE    3.6    3.7    3.7    1.2  1020.2  0.20   0.0     0     0.00      0     0.0  0.00   0.0   0.102   0.000    9.6    64    3.1    9.2    0.00   234    1    100.0   10 
11/02/21   5:00    3.7    3.7    3.6   100    3.7   6.4   SSE  1.07   9.7   SSE    2.1    3.8    2.2   -0.3  1020.2  0.00   0.0     0     0.00      0     0.0  0.00   0.0   0.102   0.000    9.6    64    3.1    9.2    0.00   211    1     92.5   10 
11/02/21   5:10    3.7    3.7    3.6   100    3.7   4.8   SSE  0.80   8.0   SSE    2.7    3.8    2.8    0.3  1020.2  0.20   0.0     0     0.00      0     0.0  0.00   0.0   0.102   0.000    9.6    64    3.1    9.2    0.00   234    1    100.0   10 
11/02/21   5:20    3.7    3.7    3.7   100    3.7   0.0   ---  0.00   0.0   ---    3.7    3.8    3.8    1.3  1020.1  0.00   0.0     0     0.00      0     0.0  0.00   0.0   0.101   0.000    9.6    64    3.1    9.2    0.00   234    1    100.0   10 
11/02/21   5:30    3.8    3.8    3.7   100    3.8   0.0   ---  0.00   0.0   ---    3.8    3.9    3.9    1.4  1020.0  0.00   0.0     0     0.00      0     0.0  0.00   0.0   0.101   0.000    9.6    64    3.1    9.2    0.00   234    1    100.0   10 
11/02/21   5:40    3.9    3.9    3.8   100    3.9   1.6   SSE  0.27   6.4   SSE    3.9    4.0    4.0    1.5  1020.1  0.00   0.0     0     0.00      0     0.0  0.00   0.0   0.100   0.000    9.6    64    3.1    9.2    0.00   234    1    100.0   10 
11/02/21   5:50    4.0    4.0    3.8   100    4.0   0.0   ---  0.00   0.0   ---    4.0    4.1    4.1    1.6  1020.0  0.00   0.0     0     0.00      0     0.0  0.00   0.0   0.100   0.000    9.6    64    3.1    9.2    0.00   234    1    100.0   10 
11/02/21   6:00    4.0    4.0    3.9   100    4.0   0.0   ---  0.00   0.0   ---    4.0    4.1    4.1    1.6  1020.0  0.00   0.0     0     0.00      0     0.0  0.00   0.0   0.100   0.000    9.6    64    3.1    9.2    0.00   233    1    100.0   10 
11/02/21   6:10    4.0    4.1    4.0   100    4.0   0.0   ---  0.00   0.0   ---    4.0    4.1    4.1    1.6  1020.1  0.20   0.0     0     0.00      0     0.0  0.00   0.0   0.100   0.000    9.6    64    3.1    9.2    0.00   234    1    100.0   10 
11/02/21   6:20    4.1    4.1    4.0   100    4.1   0.0   ---  0.00   0.0   ---    4.1    4.2    4.2    1.7  1020.0  0.00   0.0     0     0.00      0     0.0  0.00   0.0   0.099   0.000    9.6    64    3.1    9.2    0.00   233    1    100.0   10 
11/02/21   6:30    4.0    4.1    4.0   100    4.0   0.0   ---  0.00   0.0   ---    4.0    4.1    4.1    1.6  1020.0  0.20   0.0     0     0.00      0     0.0  0.00   0.0   0.100   0.000    9.6    64    3.1    9.2    0.00   233    1    100.0   10 
11/02/21   6:40    4.1    4.1    3.9   100    4.1   0.0   ---  0.00   0.0   ---    4.1    4.2    4.2    1.7  1020.3  0.00   0.0     0     0.00      0     0.0  0.00   0.0   0.099   0.000    9.6    64    3.1    9.2    0.00   232    1    100.0   10 
11/02/21   6:50    4.1    4.2    4.0   100    4.1   0.0   ---  0.00   0.0   ---    4.1    4.2    4.2    1.7  1020.4  0.20   0.0     0     0.00      0     0.0  0.00   0.0   0.099   0.000    9.6    64    3.1    9.2    0.00   235    1    100.0   10 
11/02/21   7:00    4.1    4.2    4.1   100    4.1   0.0   ---  0.00   0.0   ---    4.1    4.2    4.2    1.7  1020.3  0.00   0.0     0     0.00      0     0.0  0.00   0.0   0.099   0.000    9.6    64    3.1    9.2    0.00   234    1    100.0   10 
11/02/21   7:10    4.2    4.2    4.1   100    4.2   0.0   ---  0.00   0.0   ---    4.2    4.3    4.3    1.8  1020.3  0.00   0.0     0     0.00      0     0.0  0.00   0.0   0.098   0.000    9.6    64    3.1    9.2    0.00   234    1    100.0   10 
11/02/21   7:20    4.2    4.2    4.2   100    4.2   1.6   SSE  0.27   4.8   SSE    4.2    4.3    4.3    1.8  1020.3  0.20   0.0     0     0.00      0     0.0  0.00   0.0   0.098   0.000    9.6    64    3.1    9.2    0.00   234    1    100.0   10 
11/02/21   7:30    4.3    4.3    4.2   100    4.3   3.2   SSE  0.54   6.4   SSE    4.1    4.4    4.2    1.7  1020.3  0.20   0.8     0     0.00      0     0.0  0.00   0.0   0.098   0.000    9.6    64    3.1    9.2    0.00   233    1    100.0   10 
11/02/21   7:40    4.3    4.3    4.3   100    4.3   0.0   SSE  0.00   1.6   SSE    4.3    4.4    4.4    1.9  1020.3  0.00   0.8     0     0.00      0     0.0  0.00   0.0   0.098   0.000    9.6    64    3.1    9.2    0.00   234    1    100.0   10 
11/02/21   7:50    4.3    4.3    4.2   100    4.3   1.6   SSE  0.27   6.4   SSE    4.3    4.4    4.4    1.9  1020.2  0.00   0.0     0     0.00      0     0.0  0.00   0.0   0.098   0.000    9.6    64    3.1    9.2    0.00   235    1    100.0   10 
11/02/21   8:00    4.5    4.5    4.3   100    4.5   3.2   SSE  0.54   6.4   SSE    4.4    4.6    4.5    2.1  1020.2  0.20   0.0     0     0.00      0     0.0  0.00   0.0   0.096   0.000    9.6    64    3.1    9.2    0.00   234    1    100.0   10 
11/02/21   8:10    4.5    4.6    4.4   100    4.5   1.6   SSE  0.27   6.4   SSE    4.5    4.6    4.6    2.2  1020.3  0.00   0.0     0     0.00      0     0.0  0.00   0.0   0.096   0.000    9.6    64    3.1    9.2    0.00   234    1    100.0   10 
11/02/21   8:20    4.5    4.6    4.5   100    4.5   0.0   ---  0.00   0.0   ---    4.5    4.6    4.6    2.2  1020.3  0.00   0.0     0     0.00      0     0.0  0.00   0.0   0.096   0.000    9.5    65    3.2    9.2    0.00   233    1    100.0   10 
11/02/21   8:30    4.6    4.6    4.5   100    4.6   0.0   ---  0.00   0.0   ---    4.6    4.7    4.7    2.3  1020.4  0.20   0.0     5     0.07      5     0.0  0.00   0.0   0.096   0.000    9.5    65    3.2    9.2    0.00   233    1    100.0   10 
11/02/21   8:40    4.5    4.6    4.5   100    4.5   0.0   ---  0.00   0.0   ---    4.5    4.6    4.6    2.2  1020.5  0.00   0.0     8     0.11     11     0.0  0.00   0.0   0.096   0.000    9.4    65    3.1    9.1    0.00   234    1    100.0   10 
11/02/21   8:50    4.6    4.7    4.5   100    4.6   0.0   ---  0.00   0.0   ---    4.6    4.7    4.7    2.4  1020.5  0.00   0.0    15     0.22     18     0.0  0.00   0.0   0.095   0.000    9.4    65    3.1    9.1    0.00   233    1    100.0   10 
11/02/21   9:00    4.7    4.7    4.6   100    4.7   0.0   ---  0.00   0.0   ---    4.7    4.8    4.8    2.6  1020.6  0.00   0.0    19     0.27     21     0.0  0.00   0.0   0.095   0.000    9.3    65    3.1    9.0    0.00   234    1    100.0   10 
11/02/21   9:10    4.9    4.9    4.7   100    4.9   0.0   ---  0.00   0.0   ---    4.9    5.0    5.0    2.8  1020.6  0.00   0.0    24     0.34     30     0.0  0.00   0.0   0.093   0.000    9.3    65    3.1    9.0    0.00   231    1    100.0   10 
11/02/21   9:20    5.1    5.1    4.9   100    5.1   4.8   SSE  0.80   8.0   SSE    4.3    5.2    4.4    3.6  1020.5  0.00   0.0    27     0.39     33     0.0  0.00   0.0   0.092   0.000    9.3    66    3.3    9.0    0.00   233    1    100.0   10 
11/02/21   9:30    5.2    5.2    5.1   100    5.2   3.2    SE  0.54   9.7    SE    5.2    5.3    5.3    4.4  1020.6  0.20   0.0    27     0.39     30     0.0  0.00   0.0   0.091   0.000    9.3    66    3.3    9.0    0.00   234    1    100.0   10 
11/02/21   9:40    5.4    5.4    5.2   100    5.4   1.6    SE  0.27   9.7    SE    5.4    5.6    5.6    4.6  1020.8  0.00   0.0    24     0.34     30     0.0  0.00   0.0   0.090   0.000    9.3    66    3.3    9.0    0.00   234    1    100.0   10 
11/02/21   9:50    5.4    5.6    5.4   100    5.4   3.2    SE  0.54   8.0    SE    5.4    5.5    5.5    4.6  1020.7  0.00   0.0    28     0.40     35     0.0  0.00   0.0   0.090   0.000    9.3    66    3.3    9.0    0.00   233    1    100.0   10 
11/02/21  10:00    5.5    5.5    5.3   100    5.5   3.2    SE  0.54   6.4    SE    5.5    5.6    5.6    4.7  1021.0  0.00   0.0    30     0.43     35     0.0  0.00   0.0   0.089   0.000    9.3    66    3.3    9.0    0.00   231    1    100.0   10 
11/02/21  10:10    5.8    5.8    5.5   100    5.8   0.0   ---  0.00   0.0   ---    5.8    5.9    5.9    5.1  1021.0  0.00   0.0    32     0.46     35     0.0  0.00   0.0   0.087   0.000    9.3    65    3.1    9.0    0.00   233    1    100.0   10 
11/02/21  10:20    6.1    6.1    5.8   100    6.1   0.0    SE  0.00   4.8    SE    6.1    6.2    6.2    5.5  1021.1  0.00   0.0    36     0.52     39     0.0  0.00   0.0   0.085   0.000    9.5    65    3.2    9.2    0.00   234    1    100.0   10 
11/02/21  10:30    6.3    6.3    6.1   100    6.3   0.0    SE  0.00   4.8    SE    6.3    6.4    6.4    5.7  1021.2  0.00   0.0    38     0.54     44     0.0  0.00   0.0   0.084   0.000    9.6    65    3.3    9.3    0.00   212    1     93.0   10 
11/02/21  10:40    6.2    6.3    6.1   100    6.2   0.0   ---  0.00   0.0   ---    6.2    6.4    6.4    5.9  1021.3  0.00   0.0    48     0.69     53     0.0  0.00   0.0   0.084   0.000    9.7    65    3.5    9.4    0.00   232    1    100.0   10 
11/02/21  10:50    7.1    7.1    6.2   100    7.1   1.6    SE  0.27   9.7   SSE    7.1    7.3    7.3    7.7  1021.2  0.00   0.0    87     1.25    121     0.0  0.00   0.0   0.078   0.000    9.9    65    3.6    9.6    0.00   234    1    100.0   10 
11/02/21  11:00    7.8    7.8    7.1   100    7.8   3.2   SSW  0.54  11.3   SSW    7.8    8.0    8.0    9.9  1021.2  0.00   0.0   168     2.41    197     0.6  0.04   0.7   0.073   0.000    9.9    65    3.7    9.6    0.03   234    1    100.0   10 
11/02/21  11:10    7.0    7.7    6.9   100    7.0   3.2    NE  0.54   9.7    NE    7.0    7.2    7.2    7.9  1021.3  0.00   0.0   104     1.49    169     0.1  0.01   0.5   0.079   0.000   10.1    65    3.8    9.8    0.00   233    1    100.0   10 
11/02/21  11:20    7.5    7.5    7.0   100    7.5   3.2   SSE  0.54   9.7   SSW    7.5    7.7    7.7    8.2  1021.2  0.00   0.0    96     1.38    118     0.1  0.01   0.5   0.075   0.000   10.3    65    4.0    9.9    0.00   234    1    100.0   10 
11/02/21  11:30    7.7    7.7    7.5   100    7.7   1.6   WSW  0.27   6.4     N    7.7    7.9    7.9    7.9  1021.4  0.00   0.0    74     1.06     88     0.0  0.00   0.0   0.074   0.000   10.4    65    4.1   10.0    0.00   233    1    100.0   10 
11/02/21  11:40    7.7    7.8    7.6   100    7.7   1.6     N  0.27   4.8     N    7.7    7.9    7.9    8.2  1021.4  0.00   0.0    91     1.30     98     0.0  0.00   0.0   0.074   0.000   10.6    65    4.2   10.2    0.00   233    1    100.0   10 
11/02/21  11:50    7.7    7.7    7.5   100    7.7   1.6     N  0.27   4.8     N    7.7    7.9    7.9    8.5  1021.3  0.00   0.0   107     1.53    137     0.0  0.00   0.5   0.074   0.000   10.6    65    4.3   10.2    0.00   234    1    100.0   10 
11/02/21  12:00    7.9    8.1    7.7   100    7.9   1.6     N  0.27   6.4     N    7.9    8.2    8.2    9.2  1021.3  0.00   0.0   128     1.83    155     0.3  0.02   0.6   0.072   0.000   10.7    65    4.4   10.3    0.05   233    1    100.0   10 
11/02/21  12:10    7.9    8.1    7.9   100    7.9   4.8    NE  0.80  11.3   ENE    7.5    8.2    7.7    8.8  1021.3  0.00   0.0   131     1.88    160     0.6  0.04   0.8   0.072   0.000   10.9    65    4.6   10.4    0.00   234    1    100.0   10 
11/02/21  12:20    8.0    8.0    7.8   100    8.0   3.2   ENE  0.54  11.3   ENE    8.0    8.2    8.2    8.7  1021.3  0.00   0.0   101     1.45    134     0.3  0.02   0.7   0.072   0.000   10.9    65    4.6   10.5    0.00   233    1    100.0   10 
11/02/21  12:30    8.1    8.1    7.9   100    8.1   0.0   ENE  0.00   3.2   ENE    8.1    8.3    8.3    8.1  1021.4  0.00   0.0    65     0.93     76     0.0  0.00   0.0   0.071   0.000   11.1    65    4.7   10.6    0.00   233    1    100.0   10 
11/02/21  12:40    8.3    8.3    8.1   100    8.3   0.0   ---  0.00   0.0   ---    8.3    8.6    8.6    8.4  1021.3  0.00   0.0    65     0.93     95     0.0  0.00   0.0   0.069   0.000   11.1    65    4.8   10.7    0.00   234    1    100.0   10 
11/02/21  12:50    8.7    8.7    8.3   100    8.7   0.0   ENE  0.00   1.6   ENE    8.7    9.1    9.1    9.8  1021.2  0.00   0.0   118     1.69    169     0.3  0.02   0.9   0.067   0.000   11.2    65    4.9   10.8    0.00   234    1    100.0   10 
11/02/21  13:00    8.9    8.9    8.8   100    8.9   0.0   ---  0.00   0.0   ---    8.9    9.2    9.2   10.6  1021.3  0.00   0.0   151     2.16    169     0.8  0.06   0.9   0.066   0.000   11.3    65    4.9   10.8    0.05   234    1    100.0   10 
11/02/21  13:10    8.8    9.0    8.8   100    8.8   1.6   ENE  0.27   8.0   ENE    8.8    9.2    9.2   10.9  1021.0  0.00   0.0   176     2.52    195     0.9  0.06   0.9   0.066   0.000   11.4    65    5.0   10.9    0.00   232    1    100.0   10 
11/02/21  13:20    8.9    8.9    8.8   100    8.9   4.8   ENE  0.80   6.4   ENE    8.6    9.2    8.9   10.4  1020.9  0.00   0.0   160     2.29    174     0.8  0.06   0.9   0.066   0.000   11.4    65    5.1   10.9    0.00   234    1    100.0   10 
11/02/21  13:30    9.0    9.0    8.9   100    9.0   1.6   ENE  0.27   6.4   ENE    9.0    9.3    9.3   10.4  1020.9  0.00   0.0   132     1.89    156     0.7  0.05   0.9   0.065   0.000   11.5    66    5.4   11.1    0.00   235    1    100.0   10 
11/02/21  13:40    9.1    9.1    9.0   100    9.1   0.0   ---  0.00   0.0   ---    9.1    9.4    9.4   10.3  1020.9  0.20   0.0   123     1.76    146     0.6  0.04   0.7   0.064   0.000   11.6    66    5.5   11.1    0.00   229    1    100.0   10 
11/02/21  13:50    9.2    9.2    9.0   100    9.2   0.0   ---  0.00   0.0   ---    9.2    9.5    9.5   10.7  1020.8  0.20   1.0   137     1.96    167     0.7  0.05   0.9   0.064   0.000   11.7    66    5.5   11.2    0.00   234    1    100.0   10 
11/02/21  14:00    9.3    9.4    9.2   100    9.3   0.0   ---  0.00   0.0   ---    9.3    9.6    9.6   11.3  1020.6  0.00   0.8   163     2.34    185     0.9  0.06   1.0   0.063   0.000   11.8    66    5.6   11.3    0.08   233    1    100.0   10 
11/02/21  14:10    9.4    9.4    9.3   100    9.4   0.0   ---  0.00   0.0   ---    9.4    9.8    9.8   11.4  1020.5  0.00   0.0   156     2.24    169     0.8  0.06   0.9   0.062   0.000   11.8    66    5.7   11.3    0.00   234    1    100.0   10 
11/02/21  14:20    9.4    9.5    9.4   100    9.4   0.0   ---  0.00   0.0   ---    9.4    9.8    9.8   10.9  1020.3  0.00   0.0   128     1.83    153     0.6  0.04   0.7   0.062   0.000   11.8    66    5.7   11.3    0.00   234    1    100.0   10 
11/02/21  14:30    9.6    9.6    9.4   100    9.6   0.0   ---  0.00   0.0   ---    9.6    9.9    9.9   11.4  1020.2  0.20   0.0   144     2.06    165     0.7  0.05   0.8   0.061   0.000   11.9    66    5.8   11.4    0.00   232    1    100.0   10 
11/02/21  14:40    9.7    9.8    9.6   100    9.7   0.0   ---  0.00   0.0   ---    9.7   10.1   10.1   11.7  1020.2  0.20   2.0   150     2.15    167     0.7  0.05   0.9   0.060   0.000   12.0    66    5.8   11.5    0.00   234    1    100.0   10 
11/02/21  14:50    9.9    9.9    9.7   100    9.9   0.0   ---  0.00   0.0   ---    9.9   10.3   10.3   13.1  1020.0  0.00   0.0   215     3.08    262     1.1  0.08   1.3   0.058   0.000   12.1    66    5.9   11.6    0.00   233    1    100.0   10 
11/02/21  15:00   10.3   10.3    9.9   100   10.3   0.0   ---  0.00   0.0   ---   10.3   10.7   10.7   13.7  1019.9  0.00   0.0   221     3.17    260     1.2  0.09   1.4   0.056   0.000   12.2    66    6.0   11.7    0.08   232    1    100.0   10 
11/02/21  15:10   10.7   10.7   10.3    96   10.1   3.2   WSW  0.54  11.3   WSW   10.7   10.9   10.9   12.9  1019.9  0.00   0.0   163     2.34    237     0.6  0.04   0.8   0.053   0.000   12.2    66    6.0   11.7    0.00   234    1    100.0   10 
11/02/21  15:20   11.1   11.1   10.7    93   10.0   3.2    SW  0.54  12.9    SW   11.1   11.2   11.2   13.9  1019.8  0.00   0.0   202     2.90    267     0.9  0.06   1.1   0.051   0.000   12.3    66    6.1   11.7    0.00   234    1    100.0   10 
11/02/21  15:30   11.1   11.2   11.1    91    9.7   6.4    SW  1.07  16.1    SW   10.7   11.2   10.8   12.4  1019.8  0.00   0.0   143     2.05    163     0.5  0.04   0.6   0.050   0.000   12.3    66    6.2   11.8    0.00   231    1    100.0   10 
11/02/21  15:40   11.3   11.3   11.1    89    9.5   4.8   WSW  0.80  14.5    SW   11.2   11.3   11.3   13.6  1019.8  0.00   0.0   173     2.48    190     0.8  0.06   0.9   0.049   0.000   12.4    66    6.3   11.9    0.00   233    1    100.0   10 
11/02/21  15:50   11.5   11.5   11.3    85    9.1   6.4   WSW  1.07  14.5     W   11.1   11.4   11.1   13.7  1019.6  0.00   0.0   219     3.14    278     0.8  0.06   0.9   0.047   0.000   12.5    66    6.3   11.9    0.00   234    1    100.0   10 
11/02/21  16:00   11.5   11.6   11.5    86    9.2   4.8   WSW  0.80  14.5   WSW   11.5   11.5   11.5   13.6  1019.6  0.00   0.0   168     2.41    246     0.6  0.04   0.9   0.047   0.000   12.6    65    6.2   12.0    0.10   234    1    100.0   10 
11/02/21  16:10   11.4   11.6   11.4    88    9.5   1.6     W  0.27   9.7   WNW   11.4   11.4   11.4   12.4  1019.5  0.00   0.0   102     1.46    114     0.0  0.00   0.0   0.048   0.000   12.6    65    6.2   12.0    0.00   232    1    100.0   10 
11/02/21  16:20   11.4   11.5   11.4    86    9.2   1.6   WNW  0.27   9.7   WNW   11.4   11.4   11.4   12.6  1019.4  0.00   0.0   115     1.65    134     0.0  0.00   0.0   0.048   0.000   12.5    66    6.3   11.9    0.00   233    1    100.0   10 
11/02/21  16:30   11.5   11.5   11.4    87    9.4   3.2   WNW  0.54   9.7   WNW   11.5   11.5   11.5   12.4  1019.5  0.00   0.0   116     1.66    132     0.0  0.00   0.0   0.047   0.000   12.4    66    6.3   11.9    0.00   234    1    100.0   10 
11/02/21  16:40   11.5   11.6   11.5    87    9.4   1.6   WNW  0.27   6.4   WNW   11.5   11.5   11.5   10.9  1019.4  0.00   0.0   134     1.92    153     0.0  0.00   0.0   0.047   0.000   12.3    66    6.2   11.8    0.00   233    1    100.0   10 
11/02/21  16:50   11.3   11.6   11.3    89    9.5   4.8    SW  0.80   9.7   WNW   11.2   11.3   11.3   10.2  1019.4  0.00   0.0    91     1.30    135     0.0  0.00   0.0   0.049   0.000   12.3    66    6.1   11.7    0.00   235    1    100.0   10 
11/02/21  17:00   11.0   11.3   11.0    92    9.7   6.4    SW  1.07   9.7    SW   10.6   11.2   10.7    9.3  1019.4  0.00   0.0    69     0.99     81     0.0  0.00   0.0   0.051   0.000   12.2    66    6.0   11.7    0.05   234    1    100.0   10 
